<?xml version="1.0" standalone="no"?>
<!DOCTYPE svg PUBLIC "-//W3C//DTD SVG 20010904//EN"
 "http://www.w3.org/TR/2001/REC-SVG-20010904/DTD/svg10.dtd">
<svg version="1.0" xmlns="http://www.w3.org/2000/svg"
 width="500.000000pt" height="500.000000pt" viewBox="0 0 500.000000 500.000000"
 preserveAspectRatio="xMidYMid meet">

<g transform="translate(0.000000,500.000000) scale(0.100000,-0.100000)"
fill="#000000" stroke="none">
<path d="M1806 2457 c-35 -60 -38 -86 -14 -129 35 -62 -9 -80 -45 -19 -21 36
-22 93 -1 132 8 17 14 33 12 35 -6 6 -101 -22 -138 -41 -83 -42 -114 -98 -85
-155 66 -128 423 -168 618 -68 95 48 116 123 52 184 -36 34 -118 70 -183 80
l-37 5 -32 -70 c-39 -83 -40 -93 -13 -136 17 -28 18 -34 5 -45 -11 -9 -19 -7
-39 13 -41 41 -43 86 -7 163 17 36 31 70 31 75 0 5 -24 9 -52 9 -49 0 -54 -2
-72 -33z"/>
<path d="M1120 1496 c0 -9 12 -16 33 -18 l32 -3 3 -97 c2 -90 4 -98 22 -98 19
0 20 7 20 100 l0 100 35 0 c24 0 35 5 35 15 0 12 -17 15 -90 15 -72 0 -90 -3
-90 -14z"/>
<path d="M1340 1395 c0 -108 1 -115 20 -115 17 0 20 7 20 50 l0 50 50 0 50 0
0 -50 c0 -43 3 -50 20 -50 19 0 20 7 20 115 0 108 -1 115 -20 115 -17 0 -20
-7 -20 -45 l0 -45 -50 0 -50 0 0 45 c0 38 -3 45 -20 45 -19 0 -20 -7 -20 -115z"/>
<path d="M1582 1414 c3 -86 5 -98 27 -115 31 -25 101 -25 132 0 20 16 23 29
27 115 4 92 4 96 -17 96 -20 0 -21 -5 -21 -80 0 -67 -3 -83 -20 -100 -11 -11
-27 -20 -35 -20 -8 0 -24 9 -35 20 -17 17 -20 33 -20 100 0 75 -1 80 -21 80
-20 0 -21 -4 -17 -96z"/>
<path d="M1830 1395 c0 -108 1 -115 20 -115 17 0 20 7 20 45 0 33 4 45 15 45
8 0 28 -20 45 -45 19 -27 39 -45 50 -45 26 0 25 3 -7 51 l-26 40 21 20 c28 25
29 79 4 102 -13 12 -37 17 -80 17 l-62 0 0 -115z m108 76 c8 -4 12 -19 10 -32
-2 -20 -10 -25 -40 -27 -37 -3 -38 -3 -38 32 0 33 3 36 28 36 15 0 33 -4 40
-9z"/>
<path d="M2066 1402 c-20 -59 -36 -110 -36 -115 0 -4 9 -7 19 -7 12 0 21 9 25
25 6 22 11 25 56 25 45 0 50 -3 56 -25 4 -16 13 -25 25 -25 10 0 19 3 19 7 0
5 -16 56 -36 115 -34 103 -37 108 -64 108 -27 0 -30 -5 -64 -108z m74 43 c5
-14 13 -37 16 -50 6 -23 3 -25 -29 -25 l-35 0 16 50 c9 28 17 50 19 50 2 0 8
-11 13 -25z"/>
<path d="M2260 1505 c0 -3 16 -37 35 -75 23 -46 35 -84 35 -110 0 -34 3 -41
18 -38 13 2 18 16 22 58 3 31 18 78 33 107 32 62 32 63 9 63 -12 0 -25 -14
-37 -40 -10 -23 -22 -43 -27 -46 -5 -3 -18 15 -29 40 -14 32 -26 46 -39 46
-11 0 -20 -2 -20 -5z"/>
<path d="M2496 1403 c-20 -59 -36 -111 -36 -116 0 -4 9 -7 19 -7 12 0 21 9 25
25 6 22 11 25 56 25 45 0 50 -3 56 -25 4 -16 13 -25 25 -25 10 0 19 3 19 8 0
4 -16 54 -34 112 -33 100 -36 105 -64 108 -30 3 -30 2 -66 -105z m82 18 c16
-52 16 -51 -18 -51 -16 0 -30 3 -30 6 0 17 24 84 30 84 4 0 12 -17 18 -39z"/>
<path d="M1973 1140 c0 -25 2 -35 4 -22 2 12 2 32 0 45 -2 12 -4 2 -4 -23z"/>
</g>
</svg>
